 TIMESTAMP IN PORT STATUS DATA1 DATA2 CHAN NOTE EVENT               
 00005840   1  --     F0  Buffer:   207 Bytes   System Exclusive      
 SYSX: F0 59 54 58 03 00 59 54 58 01 00 00 00 00 00 00 00 00
 SYSX: 00 02 20 10 00 00 00 00 7F 00 00 03 10 1A 00 06 00 7F
 SYSX: 01 1A 00 06 00 7F 00 13 00 06 00 7F 01 04 00 00 00 7F
 SYSX: 01 01 00 09 00 7F 01 01 00 0A 00 7F 01 01 00 06 00 7F
 SYSX: 01 01 00 07 00 7F 01 01 00 08 00 7F 01 01 00 09 00 7F
 SYSX: 01 01 00 0A 00 7F 01 01 00 0B 00 7F 01 01 00 0C 00 7F
 SYSX: 01 01 00 0D 00 7F 01 01 00 0E 00 7F 01 01 00 0F 00 7F
 SYSX: 01 01 00 10 00 7F 01 01 00 26 00 7F 01 01 00 12 00 7F
 SYSX: 01 01 00 13 00 7F 01 00 00 14 00 7F 01 01 00 15 00 7F
 SYSX: 01 01 00 16 00 7F 01 03 00 17 00 7F 01 01 00 18 00 7F
 SYSX: 01 01 00 19 00 7F 01 01 00 1A 00 7F 01 01 00 1B 00 7F
 SYSX: 01 01 00 1C 00 7F 01 03 F7
 00005840   1  --     F0  Buffer:   207 Bytes   System Exclusive      
 SYSX: F0 59 54 58 03 01 01 10 00 7F 01 03 00 21 00 7F 01 03
 SYSX: 00 1F 00 7F 01 00 0A 2A 54 00 0B 21 54 00 0C 34 4C 01
 SYSX: 0D 2A 54 01 04 2A 54 01 05 2A 54 01 06 2A 54 01 07 2A
 SYSX: 54 01 08 2A 54 01 09 2A 54 01 0A 2A 54 01 0B 2A 54 01
 SYSX: 0C 2A 54 00 09 2A 54 00 08 2A 54 00 07 2A 54 00 00 00
 SYSX: 00 7F 00 00 7F 7F 01 00 00 00 7F 01 01 00 01 00 7F 01
 SYSX: 01 00 02 00 7F 01 01 00 03 00 7F 01 01 00 04 00 7F 01
 SYSX: 01 00 05 00 7F 01 01 00 06 00 7F 01 01 00 07 00 7F 01
 SYSX: 01 00 08 00 7F 01 01 00 09 00 7F 01 01 00 0A 00 7F 01
 SYSX: 01 00 0B 00 7F 01 01 00 0C 00 7F 01 01 00 0D 00 7F 01
 SYSX: 01 00 0E 00 7F 01 01 00 0F 00 7F 01 01 00 10 00 7F 01
 SYSX: 01 00 11 00 7F 01 01 00 F7
 00005841   1  --     F0  Buffer:   153 Bytes   System Exclusive      
 SYSX: F0 59 54 58 03 02 12 00 7F 01 01 00 13 00 7F 01 01 00
 SYSX: 14 00 7F 01 01 00 15 00 7F 01 01 00 16 00 7F 01 01 00
 SYSX: 17 00 7F 01 01 00 18 00 7F 01 01 00 19 00 7F 01 01 00
 SYSX: 1A 00 7F 01 01 00 1B 00 7F 01 01 00 1C 00 7F 01 01 00
 SYSX: 1D 00 7F 01 01 00 1E 00 7F 01 01 00 1F 00 7F 01 01 00
 SYSX: 2A 54 01 01 2A 54 01 02 2A 54 01 03 2A 54 01 04 2A 54
 SYSX: 01 05 2A 54 01 06 2A 54 01 07 2A 54 01 08 2A 54 01 09
 SYSX: 2A 54 01 0A 2A 54 01 0B 2A 54 01 0C 2A 54 01 0D 2A 54
 SYSX: 01 0E 2A 54 01 0F 2A 54 F7

 
 F0 59 54 58 03 00 59 54 58 01 00 00 00 00 00 00 00 0000 02 20 10 00 00 00 00 7F 00 00 03 10 1A 00 06 00 7F01 1A 00 06 00 7F 00 13 00 06 00 7F 01 04 00 00 00 7F01 01 00 09 00 7F 01 01 00 0A 00 7F 01 01 00 06 00 7F01 01 00 07 00 7F 01 01 00 08 00 7F 01 01 00 09 00 7F01 01 00 0A 00 7F 01 01 00 0B 00 7F 01 01 00 0C 00 7F01 01 00 0D 00 7F 01 01 00 0E 00 7F 01 01 00 0F 00 7F01 01 00 10 00 7F 01 01 00 26 00 7F 01 01 00 12 00 7F01 01 00 13 00 7F 01 00 00 14 00 7F 01 01 00 15 00 7F01 01 00 16 00 7F 01 03 00 17 00 7F 01 01 00 18 00 7F01 01 00 19 00 7F 01 01 00 1A 00 7F 01 01 00 1B 00 7F01 01 00 1C 00 7F 01 03 F7
 
 F0 59 54 58 03 01 01 10 00 7F 01 03 00 21 00 7F 01 0300 1F 00 7F 01 00 0A 2A 54 00 0B 21 54 00 0C 34 4C 010D 2A 54 01 04 2A 54 01 05 2A 54 01 06 2A 54 01 07 2A54 01 08 2A 54 01 09 2A 54 01 0A 2A 54 01 0B 2A 54 010C 2A 54 00 09 2A 54 00 08 2A 54 00 07 2A 54 00 00 0000 7F 00 00 7F 7F 01 00 00 00 7F 01 01 00 01 00 7F 0101 00 02 00 7F 01 01 00 03 00 7F 01 01 00 04 00 7F 0101 00 05 00 7F 01 01 00 06 00 7F 01 01 00 07 00 7F 0101 00 08 00 7F 01 01 00 09 00 7F 01 01 00 0A 00 7F 0101 00 0B 00 7F 01 01 00 0C 00 7F 01 01 00 0D 00 7F 0101 00 0E 00 7F 01 01 00 0F 00 7F 01 01 00 10 00 7F 0101 00 11 00 7F 01 01 00 F7
 
 F0 59 54 58 03 02 12 00 7F 01 01 00 13 00 7F 01 01 0014 00 7F 01 01 00 15 00 7F 01 01 00 16 00 7F 01 01 0017 00 7F 01 01 00 18 00 7F 01 01 00 19 00 7F 01 01 001A 00 7F 01 01 00 1B 00 7F 01 01 00 1C 00 7F 01 01 001D 00 7F 01 01 00 1E 00 7F 01 01 00 1F 00 7F 01 01 002A 54 01 01 2A 54 01 02 2A 54 01 03 2A 54 01 04 2A 5401 05 2A 54 01 06 2A 54 01 07 2A 54 01 08 2A 54 01 092A 54 01 0A 2A 54 01 0B 2A 54 01 0C 2A 54 01 0D 2A 5401 0E 2A 54 01 0F 2A 54 F7